function [ini_dir_way] = initial()
ini_dir_way=[1 3 1 3 1 3 3 1 3 1 3 1 3 3 1 3 1 3 1 1 3 1 3 1 3 1 1 3 1 3 1 3 3 1 3 1 3 1 3 3 1 3 1 3 1 1 3 1 3 1 3 1 1 3 1 3 1 3];